830809
835185
002594
000408
002288
300647
000155
002866
002008
300073
300409
300769
603335
603876
600673
002407
002812
688148
002805
688567
300432
002460
002340
002741
002074
300618
600367
871447
600348
002906
603799
836243
603399
688388
688357
002091
002176
600362
600232
000546
600160
300340
600478
002957
300153
688518
300586
601677
600219
300750
600110
688184
688063
000629
300438
603659
300758
688005
002192
301238
688778
002598
600884
605589
600711
002240
301219
002709
300390
002466
300587
600330
603895
301217
000630
600847
688275
300057
600152
002245
000762
300450
002125
300207
688383
300037
300568
300648
002497
000792
300014
002326
002756
300174
688779
688707
002080
300035
002738
600522
300919
002915
HK2337
000938
000969
603959
600989
002249
300473
600875
002221
HK0189
600405
002911
300228
600459
002430
600501
300471
002274
600273
A05772
603113
300091
600578
601778
300099
601777
601222
601012
000723
300068
600549
601727
831177
002665
002564
000581
000338
002648
002506
002733
002639
603013
HK0757
600277
300742
002060
002080
600482
601868
600028
601857
HK3899
300435
600917
002610
600732
002350
HK0438
002077
688303
300842
601208
300118
601865
603806
688556
688390
688680
603063
000875
300317
002859
834616
601908
002459
688223
688503
603050
002121
600135
003022
603051
688560
000012
301046
603212
600905
603688
688187
002585
300806
002079
002218
600667
600089
300169
688599
600438
600309
603105
HK0968
002623
300274
600537
300376
002334
688299
600032
603507
003026
300393
688408
002616
000803
002630
000930
300335
001896
000652
000663